FF 1500 5000 2000 1500 1000 500 300 10000
FR 1500 5000 2000 1500 1000 500 300 10000
4WD 1500 5000 2000 1500 1000 500 300 10000
Tuned 10000 50000 30000 20000 10000 5000 1000 100000
Normal 10000 50000 10000 5000 4000 2000 500 100000
Lwt 2000 5000 3000 2500 2000 1000 500 10000
USvsJP 3000 10000 7000 5000 2000 1000 500 20000
UKvsJP 3000 10000 7000 5000 2000 1000 500 20000
UKvsUS 3000 10000 7000 5000 2000 1000 500 20000
Mega 5000 15000 10000 5000 2000 1000 500 30000
Sunday 1500 3000 1000 500 400 300 200 15000
Clubman 2500 7000 5000 2000 1000 700 500 20000
GTC 5000 10000 7000 3000 2000 1000 500 25000
GTW 10000 20000 10000 5000 3000 2000 1000 50000
GV300 20000 300000 200000 150000 100000 50000 10000 0
SSR11i 20000 150000 100000 50000 30000 20000 10000 0
SSR11ii 20000 150000 100000 50000 30000 20000 10000 0
HSR 500 1000 500 400 300 200 100 0
GVE 500 1000 500 400 300 200 100 0
AutMini 500 1000 500 400 300 200 100 0
DFRW 500 1000 500 400 300 200 100 0
TM 500 1000 500 400 300 200 100 0

printf "%d\n", 0x5dc;
printf "%d\n", 0x49f0;
